å -0.199360 0.448951 -0.704552 0.449522 1.144823 1.551605 -0.961516 -0.769239 -0.378073 -1.719194
, -0.466375 0.603132 -1.077365 0.465183 0.785220 1.269045 -0.137341 -0.601111 1.038994 -1.268075
. 0.137503 -0.354873 -0.253185 -0.041137 0.750877 1.084795 -0.312155 -0.569085 -0.513662 -0.955688
e 0.374869 -0.398355 -2.189224 1.206442 0.870563 1.503841 0.286946 0.329295 -0.000385 0.628778
i 0.247093 -0.099828 -0.088259 -0.094154 0.400289 1.310190 -1.014549 -0.506401 -0.836713 -0.992723
så -0.447667 0.465965 -0.611948 1.129879 0.042572 1.224475 0.228857 0.179550 0.105943 -0.924868
jâ 0.248847 0.448223 -0.948888 0.896017 -0.695696 1.142835 -0.339242 0.491919 0.615143 -0.980883
på 0.056121 -0.215498 -0.236052 -0.454883 0.402444 0.787720 -0.034923 -0.670860 -0.943087 -0.932053
– 0.216067 -0.255826 -1.173959 0.643803 0.040230 1.519960 0.113957 -0.474694 -0.621390 -0.357993
va 0.057556 -0.563882 -0.721642 -0.837334 0.299859 1.664828 -0.120101 -0.285445 0.397901 -0.635604
te -1.161376 0.409069 -0.270129 1.034778 0.676937 0.033232 0.391512 -0.464709 0.025861 -1.003073
di 0.998754 -0.040022 -1.171138 0.192673 1.244346 1.813893 -0.509581 0.418181 0.230409 0.614190
me -0.424552 0.413315 0.346989 0.048971 0.749945 1.259501 -0.974402 -0.756556 -0.054722 -1.614908
vi -0.610754 0.297277 0.841293 0.821977 -0.043349 1.054585 0.142053 0.201591 0.152453 -0.588256
hon -0.679446 -0.253763 -0.249486 0.830255 0.256228 1.160019 0.453516 0.229899 0.099906 -0.412594
enj 0.070484 0.955120 -1.249157 1.039161 0.270698 0.261890 -1.488837 0.010533 0.069562 -0.303062
som 1.022248 -0.132851 -1.501845 -0.749144 1.061403 0.480360 -0.606451 -0.033859 -0.557716 0.541780
hanj -0.827869 1.244684 -0.370443 0.642672 -0.181699 0.238357 0.364828 -0.790959 0.515627 -1.695784
dær -0.328520 0.218446 -1.356894 0.979304 0.785936 0.699620 -0.445464 0.116091 -0.348106 0.040990
en -0.479577 -0.245569 -1.074970 0.084488 1.528454 0.005765 -0.029142 -0.963249 -1.617957 0.277397
’ -0.511782 0.052291 1.644663 1.060467 -0.173760 2.308966 0.298071 1.046332 0.029646 0.061468
ded 0.658336 -0.687381 -0.775453 -0.482429 -0.580839 1.514070 0.378050 0.062954 1.004552 -0.233603
frå 0.628195 0.188562 -0.917920 -0.001393 1.784989 0.441817 -0.328086 -0.615294 -0.087199 0.224804
Å 0.407134 -0.346380 -0.227775 0.614323 -1.033553 0.633336 -0.118653 0.450333 -0.241479 -0.347649
a 0.100579 0.045362 -0.592071 0.596891 -0.236192 0.670559 -0.185533 0.184152 0.912078 -0.213151
et 0.906921 -0.002126 -0.799650 -0.627033 0.410440 1.123356 -0.873878 -0.899432 -0.729187 -0.898725
dænj 0.242838 -0.225810 -0.618693 0.110255 -0.502193 0.821799 0.283930 0.178119 0.772145 0.664862
for -0.179005 0.861135 -0.755294 0.421761 0.538322 -0.216443 -0.258554 -0.386510 1.173117 -0.236013
hâr 1.106248 0.662401 -0.627411 0.884236 -1.139004 -0.488811 -1.024631 -0.116249 -0.565027 0.589721
! -0.702619 -0.897349 -0.006268 -1.058715 0.681987 1.011938 1.590466 -1.360049 -0.464713 -1.302823
når 0.892708 0.123374 -1.698424 0.458476 -0.503238 -0.313222 -1.238809 1.485854 0.724410 0.651044
I -0.238216 0.105825 -1.075101 -0.601670 0.649072 -0.693672 0.446506 -0.612410 0.099820 0.579968
gå -0.163306 -0.059213 -0.083014 0.889882 -0.227863 1.119451 2.197029 2.356851 0.296876 -0.673750
maj -0.243003 0.360513 0.776400 0.992778 -0.459541 -0.057163 -0.676903 0.346039 0.189236 -0.235864
om -0.419390 -0.059246 0.489526 0.447682 0.097784 0.176955 0.061610 -0.536355 -0.342894 -0.422983
ska 0.384269 -0.136530 0.392236 -0.157306 -0.580147 -0.361739 -0.285692 0.228187 -0.725993 -0.514653
kanj 0.525212 -1.274627 0.025227 -0.056602 -0.428198 0.247057 1.129165 0.747533 -0.621987 0.811677
mæn -0.078504 0.235733 -0.685799 -0.331706 -0.182512 0.312375 0.445373 -0.355463 0.430527 -0.611867
ble -0.800234 1.030844 -0.471910 0.781820 -0.169551 -0.409489 0.472620 -0.622119 -0.055639 -1.366777
nu 0.330401 -0.426620 0.225387 0.434114 -0.915421 0.750042 -0.325288 0.217415 0.033248 -0.049266
: 0.054183 -0.238915 0.249777 -1.507203 -1.108926 -0.120916 0.831088 -1.377614 0.554987 -1.049826
du -1.183470 -0.062607 0.682211 0.289887 0.509937 -1.240463 0.685705 -0.608667 -0.429856 1.135031
minj 2.032906 -1.680807 1.284869 0.580345 -0.229292 3.644466 -1.008544 0.438363 -2.226787 -0.241951
saj 0.369969 0.097390 0.784288 0.107891 0.021049 -0.011650 -0.608685 -0.446171 -0.627238 -0.025803
Jâ -0.050423 1.137850 0.466858 1.363540 -0.534405 -0.152150 -1.250470 0.167686 0.186863 -0.786614
” -1.167283 -0.484597 1.620041 -1.681679 -0.506942 0.832611 1.559966 -1.205602 0.651558 -1.202312
op -0.397174 0.617647 0.077707 0.632048 -0.199468 -0.707096 -0.444462 -0.319884 -1.096700 -1.192132
Så 0.856249 0.073676 0.893403 0.725040 -1.551870 0.387122 -1.155304 1.141515 -0.256762 -0.516691
dâ 1.225181 0.792736 -1.254615 1.317853 -0.505491 -1.470275 -1.620981 -0.294353 -1.046589 0.810301
lid 0.208467 0.328713 -1.079620 -0.344452 0.711662 0.133654 -0.474333 -0.383439 0.366215 0.901579
ajle -0.425174 0.567619 0.432658 0.443476 -0.139169 -0.777060 -1.443775 -0.442107 -1.922594 0.795976
då -0.142872 -0.211141 -1.038920 0.121802 -0.753071 0.166450 0.316549 0.513971 1.273904 -0.620527
kom -1.293619 0.842620 -1.189055 0.853227 1.025606 -0.621683 1.088347 0.037293 0.832218 -0.407961
tâ 0.324193 -0.197347 1.698274 1.430867 -0.596544 0.747467 -0.318622 1.508735 -1.610021 -0.121510
ud -0.457114 0.723339 0.740144 1.279682 -0.204462 -0.242995 -0.318496 0.280627 -0.199536 -1.330669
Mæn 0.632471 -1.075899 0.351215 -0.309335 -1.150214 0.647649 0.155125 1.234882 1.117527 -0.047398
hadde 0.981487 -0.104750 0.573137 0.033738 -0.723074 -0.030474 -2.481975 0.430943 0.007581 -0.872088
må 0.524206 -0.372299 0.409170 0.597948 -1.417592 0.141520 -0.620934 0.979056 -0.259806 -0.309038
r -1.921939 0.479263 2.511162 0.879947 -0.329381 1.992148 2.021770 2.128687 1.365467 -0.922775
går 0.118234 -0.310502 0.972126 -0.775660 0.055429 -0.548984 0.068723 0.317309 -0.404939 0.083451
nok 0.981736 -0.128456 -0.687130 -0.993312 -0.099846 -1.859390 -0.362079 -1.058700 0.610439 0.052317
ønte -0.046536 0.310681 0.332510 0.337999 0.055516 -1.324050 -0.911837 0.378566 -2.070452 0.451691
Peter -0.731775 0.395675 -0.481191 -1.089535 0.475739 -0.758319 0.612271 -1.653091 0.239055 -0.402787
Vi 0.780509 -0.128855 -0.378048 -0.170778 0.541832 -0.303187 0.626934 1.392472 -0.457911 1.364787
dom -0.146598 1.265050 -0.216045 -0.286082 1.727148 -0.778191 -1.184000 -0.688918 -0.410991 -0.385643
få 0.842952 -0.665555 -0.026519 -1.160564 -0.424473 -2.356059 -0.093938 -1.067514 -2.964717 1.160298
får 0.653271 -0.103304 -0.010319 0.438513 0.012389 0.804655 -1.825028 -0.117755 -2.281141 0.928508
inj 1.897198 0.585922 -1.519673 -1.438498 -0.011257 -1.374431 -2.139788 0.278428 0.905288 1.110812
Frida -0.200496 -0.115994 -0.931303 -0.618581 0.514002 -0.536638 0.043518 -1.536595 -0.615524 0.167242
gamla 1.249381 0.328386 -0.068049 -0.253635 0.924011 -0.526548 -1.675308 1.452999 1.138427 0.939070
hâ 1.739435 -1.150351 0.402127 -1.069198 0.439727 0.192631 -0.376257 0.713318 -2.313141 0.299685
la -1.300755 1.108568 1.171313 0.851736 0.233403 1.591749 1.984683 2.718717 1.289220 -0.016010
ni 1.231749 -1.399647 -0.548194 -0.710831 -1.276711 -0.230584 0.585417 0.287660 0.251713 0.115732
stora -0.764185 -0.068069 1.365905 -0.843561 1.382852 -1.168772 1.555529 0.949038 -0.361351 0.645747
to -0.094607 0.136010 -0.831644 -1.443838 1.577991 -0.710639 -0.535739 -1.743255 -0.371691 -0.124263
vil 0.331899 -0.587757 0.587341 -0.260543 -0.931263 -0.369905 0.629282 0.081331 -0.040851 0.130808
Dær 0.222427 -0.777900 -0.672213 -1.564198 -0.386598 0.038338 -1.222709 0.981668 -0.139646 0.602853
gång 0.604404 -0.462833 0.593532 -0.591257 -1.860133 -0.118422 -0.468481 -0.599041 0.466316 0.396546
glâ -0.606054 0.830571 0.631425 2.040914 -0.233909 0.679087 0.873459 1.028256 -0.086918 0.672262
ijnj -0.073978 0.517252 0.255110 1.525700 -0.573519 -0.782927 0.124644 0.632278 -0.810642 1.454658
vor 2.293256 -0.704049 -1.482780 -2.459714 -0.611373 -1.611167 0.566257 0.394033 -2.167296 1.796871
Ded 1.525358 -0.606283 -0.762570 -2.795457 0.456558 1.393728 -0.483457 -0.094463 0.841047 0.741807
Hon -0.360975 1.433247 0.862100 0.643244 -0.549052 0.638995 -1.556033 1.372336 0.517502 -0.970599
bâra 0.116889 0.221626 -0.949712 -0.404260 0.389818 -1.579237 0.144900 -1.243086 0.258528 -0.224344
ed -0.774805 -0.814954 2.718214 -0.160140 0.208022 2.063737 0.686300 0.604421 -0.367150 0.678332
fikj 0.948652 -0.125548 -0.098829 -0.024030 -0.595516 0.375731 0.000104 -0.376907 -0.127899 0.770616
ja 0.031039 -0.558525 -1.666220 0.376721 -0.420469 0.167406 0.434373 1.270290 1.323285 0.791414
se 0.151408 -1.020893 0.774486 -0.003431 -0.468975 0.442213 0.971713 -0.015936 -0.067848 -0.652393
sto 0.525297 0.254970 0.586193 -0.492889 -0.212831 -1.052236 -1.035486 -0.740492 -0.983983 -0.915947
tâu -0.391393 -0.009978 1.337135 1.376485 -0.762992 0.356439 0.123676 1.165968 -1.054576 -0.586801
vær 0.465763 0.373040 -0.470459 -0.102273 -0.234910 -1.181282 -0.192157 -1.342763 -0.078151 -0.156946
âuan 0.066888 -0.448752 1.517999 -3.670514 0.766862 -1.259715 1.616328 0.868964 -0.008384 0.671236
alt 0.479535 -1.716921 0.379059 -1.565265 0.499248 1.139200 1.115732 0.501925 1.207321 1.464649
bler 0.267077 -0.059676 0.454225 -0.179821 -0.816447 -0.294593 -1.121323 0.657683 0.507430 0.435911
helan -0.969991 0.461190 0.615947 0.237022 -0.321805 0.701111 2.219809 0.269536 1.058273 0.804719
kunje 1.056194 0.029818 -0.797221 0.857153 -0.051308 -1.062100 -0.154402 1.047927 -1.259230 1.352940
man -1.387002 -1.247179 1.249757 -0.328724 -2.505292 0.282265 0.707189 -1.222862 -0.821242 -0.850220
piblana 0.755180 -1.779143 -0.058478 0.504889 0.121462 2.633377 0.582218 -0.478893 -1.003783 0.822683
sinj -0.893769 1.795399 0.804741 0.692156 -1.730229 -0.336068 -0.250273 0.496763 0.727023 -1.979231
sypa -0.687021 0.188827 2.575653 -2.294851 0.598171 -2.144954 1.182868 -0.320193 0.012323 -0.586444
trille-fira -0.701268 0.418625 0.162478 -0.582055 0.584732 -1.752137 1.693232 2.124326 1.249094 1.859062
væl 0.088657 -0.010067 0.777355 -0.129949 -0.628150 -1.442095 -0.345141 0.415222 -0.222335 0.516650
ver -0.613801 0.654699 -0.103616 0.681670 0.084311 -0.411547 -0.259268 0.630386 0.912639 -0.589436
Rø 1.094031 0.481767 -1.306338 -0.018246 1.866145 -1.079404 0.278905 -1.454801 -2.273441 0.932720
de 0.115751 -0.118015 0.055843 0.234427 -0.540854 -0.131508 -0.021668 0.270104 -0.178787 0.489087
hær 0.884158 -0.328769 -0.368142 1.474614 -1.081176 0.473198 -0.117746 0.948731 0.737894 1.348614
hajn 0.817998 -0.413127 1.019546 -0.768759 -0.436215 0.047438 -1.078534 0.133238 1.310962 -1.377961
halvan -1.150925 0.496492 0.876933 -0.543897 -0.300427 0.456254 2.593819 -0.202023 1.317539 1.537302
hvor 0.200666 1.848553 -1.296132 -1.109144 1.689130 -1.098647 -0.113725 1.374557 1.068816 1.361555
kommer -0.081205 0.476395 0.064387 -0.102452 0.209639 -0.589998 1.201776 0.299738 2.188769 1.167670
mârn -0.426240 -0.393162 -1.912676 0.048261 1.420624 -1.700781 1.781097 0.598901 0.334049 2.501352
måtte 0.084848 0.328073 -0.057611 -0.366215 -1.805804 -1.126482 -0.085267 1.002618 1.700939 -0.914394
monga 0.522155 -0.760641 -0.536131 -0.037075 -1.415437 -0.382048 -0.395617 0.176159 0.491246 -0.518444
skujle -0.433336 0.059999 0.295396 -0.520091 -0.378395 -0.714869 -0.568676 0.813073 -0.383366 0.742306
stâ 0.940476 -1.422116 0.210238 0.103102 -1.355755 -0.366188 1.273165 -0.015437 3.696719 2.503901
Då -0.218293 -0.492128 0.204016 1.056654 0.259277 0.515340 1.576692 -0.533392 -1.184156 1.090196
Me 0.087206 0.355080 -0.770590 1.989480 -0.522044 -0.414339 -0.058495 1.091738 -2.241627 -0.358091
Men 0.226666 -0.222704 -0.895733 0.098583 -0.423929 0.393513 1.021835 0.818311 2.076808 0.700900
d -0.125303 -0.411859 2.580994 -0.162465 0.079464 1.759495 0.309527 1.154954 0.562945 0.906392
daj -0.449281 0.131386 1.802070 -2.516768 -2.157029 -0.227305 -0.462645 -1.500645 -0.113998 -2.113849
ejn -0.567939 0.108992 0.525894 -1.888139 -0.214601 -0.844897 0.928423 -1.055584 1.517651 -0.294396
gjik -1.701740 0.011612 0.282891 1.864902 0.453036 -1.325112 2.815960 1.406993 0.765125 0.650773
hozza -1.233835 0.720061 -1.748211 0.343316 0.036417 -0.865820 -1.292792 -0.304372 3.019086 0.885282
ju 0.103870 0.352923 -1.532885 -1.524012 0.558318 -0.588922 0.613086 -0.547306 2.084425 1.116434
liwed -0.134913 -0.127793 -1.055959 -0.313332 1.115808 -0.131426 -0.832192 -0.702532 -0.558011 -1.574431
lo -0.896101 -0.052253 1.555435 -0.529994 -0.832003 -0.736375 1.498466 0.910193 0.920464 0.826974
mænn 2.178519 -1.883502 1.126318 -1.030091 -0.406174 -0.283466 -1.750071 1.131973 -2.155469 1.443626
nâd 0.207712 -0.293713 -0.621391 -0.102352 0.320230 -0.451123 0.332912 -0.042447 -0.467909 0.802447
sæl 0.523398 0.394421 0.366506 0.278060 0.191890 -1.855784 -1.296997 0.372780 -1.711166 0.525263
sku -0.833694 0.484394 1.406901 0.427402 -0.090019 -1.016898 1.184783 0.570550 -0.204828 0.177169
stå -1.091015 1.143412 1.930207 0.374217 0.656391 -1.425593 0.199663 -0.422701 -2.370976 -0.831116
strajs -1.863354 0.303065 0.975300 -0.848301 1.065198 -0.245130 2.326173 0.074204 1.567988 0.618267
târ 0.069316 -0.367592 2.553941 1.077138 -1.347950 -0.216941 -1.590362 1.052796 -1.323901 -0.401830
âu -0.110028 1.435318 0.730856 0.659919 -0.882905 -1.014624 0.036415 1.678793 0.353684 0.506334
De -0.057835 -0.151853 -1.899963 -0.443848 0.695059 -0.902389 0.450847 -0.696533 -0.515144 0.900259
Rønna 0.540937 0.163426 0.729836 0.594292 0.555747 0.360308 -0.066306 -0.030567 -0.367650 -0.232766
dæmme 0.123042 -0.462856 0.000520 0.900427 -0.458796 0.181745 -0.219348 0.227746 0.440049 -0.427668
dæmmeså -0.365093 -1.964293 -0.677377 -1.047522 0.400426 0.373341 0.951088 -2.606081 -1.307413 -1.237635
sâ -0.622597 1.455806 -0.357352 -0.456789 -0.223667 -0.665272 1.412890 -0.669401 1.366210 -1.093815
stærtad 1.723668 -0.746624 1.929779 -1.513462 -2.161781 -1.110938 -0.660578 0.181476 -1.429028 2.223741
ællinj 0.265551 -1.013042 0.628434 -1.098276 0.058725 -1.747013 -1.064924 -0.306077 -0.883125 0.841273
.`s 0.538347 -0.473759 1.544865 -0.862649 -0.482669 -1.340957 1.934547 1.428550 1.294693 0.313176
C 0.964756 -0.459513 0.695215 -0.864356 -0.359418 -0.929723 2.602177 0.552602 0.967785 0.244306
Enj -1.257975 0.637654 2.662210 -1.637544 0.287256 0.451182 -0.539513 -0.238041 1.077294 -0.872631
H 0.752284 -0.503109 -0.423218 -0.893393 0.199455 -0.979659 2.288047 -1.223513 -0.616150 1.032228
Hollua -1.787048 0.873470 -0.726884 1.243198 -1.307238 -1.208628 -0.581573 -0.128707 2.379948 0.366040
Ka -0.631319 1.142237 -0.089932 -0.030458 1.207233 -2.790319 -0.441983 -1.797173 1.456839 3.036558
Når 1.720672 0.102772 -0.207233 0.943851 -2.889901 0.059559 -0.776803 2.449488 0.211406 1.349884
Se 0.768104 -0.608684 0.718440 0.886156 -2.194681 1.129651 -1.137498 1.046340 0.803120 0.621639
Stina 0.205737 -0.640696 0.962368 -0.161938 -0.247555 -0.834991 0.904618 0.375802 0.880171 -0.359133
bær` -0.808178 1.432802 -0.287581 1.632550 0.402152 -0.280229 -0.615516 -0.575259 2.123714 -1.045235
daja -0.033179 0.205473 -0.053281 0.147277 -0.035823 0.042129 0.104945 0.096720 0.160626 0.043572
dikke -0.238629 0.746077 0.737914 -0.073553 -0.071664 -0.905051 0.188393 0.396060 -1.312388 0.607979
do -0.108372 0.874035 0.776505 -0.044674 -0.063843 -0.737240 -0.112017 0.445291 -1.521494 0.552564
dorra -0.091447 -0.245514 1.283272 -0.261197 -0.291059 -0.783521 0.801701 -0.782533 0.084781 0.712184
fortællinj 0.351544 -0.319581 1.076685 -0.671190 -0.474724 -1.304752 1.619295 1.117386 1.229106 0.446983
ganske -0.490865 -0.453295 0.842797 -0.963381 -1.230562 -1.020357 1.252059 -0.211549 1.770117 1.104563
goa -1.041822 -0.852060 0.570985 0.670379 0.669956 -1.578669 -1.253963 0.499743 -0.119337 1.437298
hawed 1.132707 -0.324084 -1.117982 -2.308557 1.396365 -2.563394 -0.246610 -2.338774 -1.107486 -0.444330
hojt 0.113178 -0.420687 1.404336 -2.309473 0.439113 0.147440 -0.500269 -1.137000 -1.241403 -1.003130
ikje -0.235974 -0.296283 0.305950 0.328591 -1.069584 -0.554775 0.823645 -0.482207 -0.093214 -0.545239
iwen 2.728714 -1.165944 0.471618 -0.853567 -1.320500 0.931944 0.219882 -0.933792 1.556313 0.953887
klær -1.159313 1.243060 -1.439558 0.111582 1.156268 -1.382582 0.524940 0.597810 0.250855 1.201450
komma -2.180296 0.445264 0.353224 0.286177 3.284888 -2.000251 0.386964 -0.186430 1.910831 2.975545
lânt 0.843602 0.644500 -0.173163 0.847150 -0.866298 -2.858302 -2.041753 0.982090 -0.350661 -0.235842
lâzua -1.955864 1.537725 -1.324920 0.930746 0.508161 -1.206221 0.128341 0.707971 1.470524 0.560638
lissom -0.633834 0.495951 -0.984827 -0.556360 0.596000 -1.747935 0.258107 -0.437216 -1.046075 1.866264
mæst -2.212803 -0.120443 1.136816 0.238563 1.668449 -1.334602 1.064946 -0.087885 0.364363 0.453043
mit 0.859057 -0.953798 1.039331 -0.531719 -2.061459 0.815232 0.891227 0.845883 0.334907 0.967291
na -1.359603 0.888265 2.475103 -3.040873 -0.097084 1.229456 0.493756 0.570141 -1.060646 -1.334353
naja 0.268699 -1.674230 0.464047 -1.595225 -0.165680 0.040198 1.273804 -1.578766 -1.228853 -0.930032
nikke 0.531068 -0.980303 0.052750 -0.250838 -0.418949 0.158529 0.588738 -0.291657 1.212584 0.191119
no 0.613398 -1.111349 0.054724 -1.112331 -0.247760 0.345045 0.328798 -0.563711 0.376625 -0.059015
ser 0.258847 -0.722483 2.148026 -0.025076 -0.171499 0.192953 -0.154510 0.758763 0.658515 0.161199
sikkert 0.152819 0.843912 -0.999913 0.574980 0.658280 0.646064 0.049753 -0.305440 0.655863 -1.337283
sit -0.231908 0.143285 2.642380 -1.581518 -0.808407 -0.838271 0.254932 -0.355108 0.019330 -0.798207
sjynja 0.833132 -1.718933 3.047898 1.370663 -2.773698 -0.352526 1.011091 1.211207 -1.747517 1.354276
svâna 0.538794 -0.272884 -1.308706 -0.407821 0.975079 1.046405 -0.129986 -0.880350 -1.115585 -0.496618
tænkj 0.662789 -0.524761 0.745335 0.106915 -1.961856 0.120757 0.857715 0.948766 1.683632 0.880628
tro 1.461183 -2.659662 -0.082398 -0.493586 -0.308045 -1.302073 -0.120379 -0.921647 -1.585986 0.353476
ål -0.651331 0.631655 -0.388271 0.908173 -0.160982 -0.465753 -0.802876 0.510907 0.509044 0.961845
ø 0.899820 -0.669852 1.625300 -1.376727 0.200057 -0.312097 0.777041 -1.410103 -1.332343 -0.130905
”tutli 0.217022 -0.554250 1.280332 -0.347048 0.530032 -1.667569 -0.663495 -0.140681 -1.113447 0.349525
- -0.268649 -0.383385 0.728561 -0.882415 0.675183 -0.188317 -2.534711 -0.882219 1.465795 0.620301
Hær -0.101801 -0.159050 -0.534306 -0.718634 -0.853809 -0.342197 1.004584 0.199508 0.103829 1.519261
Rutsker -0.859384 -0.950294 0.229807 0.550912 3.710766 -0.667726 1.611124 -0.227636 -0.373273 1.704035
Te -0.141152 -0.538153 1.751670 0.992091 -2.648096 0.897611 2.135575 1.095736 1.219705 0.098672
aldrig -0.015779 0.309447 0.882310 -1.310349 0.080525 -0.698456 -0.335330 -0.775304 -0.062344 -0.428042
bælla 0.690215 0.541190 1.257411 1.320683 0.554793 -0.748209 -2.837993 -0.100168 -1.324951 0.011237
det 0.253097 0.816621 -0.615882 0.284958 0.866812 -1.815611 0.025222 0.441110 -0.393788 1.532240
fram 0.173234 0.895826 1.337050 1.262901 -2.119862 -1.132062 -0.334058 1.401461 -0.790770 -1.670720
funka -1.345082 -0.182153 1.521585 -2.061444 1.227823 -0.355773 0.092544 -0.921231 -0.622126 -1.732757
gâ -0.363946 -0.073755 -1.453960 -0.271569 1.161575 0.048179 0.067577 -0.481959 1.483170 1.425975
godt -0.392937 -0.766785 0.239937 -0.935068 0.317137 0.645168 -0.712744 -0.745346 0.007869 0.674991
hâusa -0.388571 0.943910 -0.541972 -0.042605 1.871664 -1.938755 -0.963047 -2.066442 0.325170 1.909903
hans -0.400900 -0.275128 -0.836972 0.145963 -0.675501 -1.595476 2.287587 -1.651435 0.424822 -0.511167
hat 0.705395 -1.036303 -0.192964 -0.775274 1.002762 1.870327 -0.251873 0.450020 0.088243 1.327619
hela -1.036260 1.175225 1.206485 -2.219049 -1.663266 -1.430505 1.404299 -0.485914 1.550014 -0.555020
helt 0.410154 0.485923 -1.181400 0.617759 0.607607 -1.083443 -0.307142 0.328071 -0.470152 -0.149451
hormoner 0.088896 0.049263 -0.652994 0.058396 -0.299928 0.504324 -0.520517 -0.071655 -1.399932 0.800505
hvorfor -0.734239 0.794226 0.897622 0.960826 -1.577211 -0.242640 0.977613 -0.518324 0.657215 -0.905006
ikjkje 0.548431 -1.210278 -0.321020 0.882749 -0.359524 -1.498289 -1.339364 -0.323544 -1.878425 0.528503
kløpfesk -1.983705 2.193597 1.893527 1.736719 -0.229851 -0.534897 -0.630196 -1.222534 1.238657 -1.303084
lætta 1.338469 -1.771499 -2.242238 -2.228014 1.144021 -0.280319 0.419185 -0.728891 1.024040 2.999728
lajs 0.402536 -0.280494 -0.607121 -0.317517 0.367939 0.509063 -0.175318 0.127145 -0.308447 -0.050732
lijla 0.188103 -0.492405 1.003016 -1.587092 0.066826 -0.174146 -0.536106 0.663311 -0.363270 0.566691
mijl -1.126288 -1.980590 -0.481385 2.137251 0.557550 0.463503 0.872115 0.217799 2.633863 -0.602479
nætta -0.255868 0.570180 -2.461006 0.975785 -0.094945 -0.195512 -0.096543 0.766491 2.932290 1.455898
nyer -0.001915 1.221064 -1.461008 1.647407 -0.464057 -2.027935 -1.004545 0.454661 -0.623772 0.619105
pæls -0.216148 1.095889 -0.913457 0.388132 -0.000460 0.487351 -0.407902 0.832939 0.856065 -0.655080
pibla 0.577265 -0.504420 0.100012 0.651575 -1.365549 -0.987516 -0.329979 -0.391197 -0.102880 0.274664
røjad -1.039426 1.189152 -0.107760 1.368249 -0.297228 -0.600302 -1.000701 0.273668 0.760855 0.683863
sijsta 0.225869 -0.328738 -0.096696 -1.009229 -1.525524 -1.619532 -0.673354 0.187145 0.539269 0.323647
sin 1.106181 -0.560504 0.722297 -0.743756 -0.429253 0.961524 -0.599994 0.811759 0.375190 -0.338320
slår 0.480064 0.126868 0.303549 -0.546002 -0.346581 -1.904289 1.710352 1.684593 -0.795390 2.128864
små 0.986746 -0.580826 0.795149 -0.840898 -1.746838 -1.168081 -0.426151 -0.555351 -0.354704 -0.526107
spæjesijl -1.773563 1.947513 1.570305 1.665761 -0.284239 -0.789460 -0.633156 -0.860204 1.212960 -0.886771
syp -0.178431 0.831761 -1.447321 1.625305 0.527784 -0.257264 -1.258800 0.388564 -2.273620 0.598524
vad -1.122295 0.608652 1.955317 -0.343627 1.251366 -2.137317 -1.303927 0.442956 -0.617400 0.426663
vaj -0.592878 -0.506745 -0.460602 -0.754934 1.431644 0.852305 1.972095 -0.447842 -0.851340 2.070567
varra 0.191808 -0.256841 1.705152 -0.369894 -0.159758 -0.594450 0.137392 1.094460 0.538184 0.467233
vedd 0.003298 1.229042 0.083405 -0.648505 -1.023024 -0.600158 -0.802444 0.407190 2.769642 0.680741
vos -0.132781 0.209518 1.145596 0.114625 -0.256520 -2.006811 0.681745 -0.259044 -0.991956 0.612858
<unk> -0.060343 -0.027723 0.340194 -0.158425 -0.096849 -0.597765 0.084194 -0.027368 0.098969 0.354373
