å -0.557190 0.504240 -0.860781 0.396825 1.065400 1.650047 -1.299728 -0.752897 0.005610 -2.029755
, -0.727971 0.410753 -0.892512 0.848681 0.149569 1.151132 -0.748923 -0.390751 1.008091 -1.805599
. -0.798447 0.907546 0.750692 -0.608079 1.726046 0.069550 -0.342868 -0.985164 -0.451615 -1.661144
e 0.798886 -0.163314 -1.867532 0.133247 0.171361 0.565103 -1.577417 0.738308 0.288624 0.259369
i -0.471138 0.483051 -0.598475 0.455255 1.297657 0.973044 -0.587509 -0.557308 -0.038285 -0.964037
så -0.388188 0.341830 -0.652766 0.788263 -0.728293 0.851157 -0.660534 0.056250 0.484456 -1.178264
jâ -0.405582 0.287637 -0.698014 0.725258 -0.575421 0.831745 -0.416374 0.232655 0.762743 -0.729049
på 0.044586 -0.028092 -0.128047 -0.272580 0.723451 0.803497 -0.653904 -0.551006 -1.110075 -1.013723
– 0.170892 -0.376574 -0.932093 0.828282 -0.660683 1.765900 -0.732223 0.397555 -0.384934 -0.470370
va -0.861072 -0.115115 -0.490347 0.438768 0.032680 0.922707 -0.314649 -0.313253 0.323810 -0.558587
te -0.944480 0.619120 0.786448 -0.808376 -0.357220 -0.006387 -1.005197 0.144403 0.268154 -1.868957
di -0.091711 0.073371 -1.570695 1.251535 0.840282 1.060595 -0.103031 -0.339828 0.467111 0.062548
me -0.436689 0.557966 -0.615974 1.205829 0.746431 1.289076 -0.630887 -0.687233 0.076687 -1.434084
vi -1.221438 1.037335 -0.557941 1.446800 -0.198012 -0.055704 -0.079903 -0.630409 0.926124 -0.033373
hon -0.015237 -0.105620 -0.688379 0.116874 -0.090164 0.795205 -0.568301 0.355726 0.142392 -0.932823
enj 0.048687 0.119515 -0.470685 -0.745643 0.291010 -0.206477 -0.632886 0.381670 -0.420637 -0.510820
som 0.841103 -0.187741 -1.135531 -0.042519 1.399729 0.187546 -0.307868 0.220729 -0.370387 0.445874
hanj -0.203324 -0.112011 -0.265385 0.867817 -0.876377 0.365215 -0.046254 -0.302717 1.228473 -1.262770
dær 0.396911 -0.172349 -1.159283 -0.385675 0.634343 0.286142 -0.859827 0.676829 0.605334 -0.742800
en 0.307328 -0.182516 -0.516377 -1.387799 0.608586 0.750980 -1.317764 0.626563 -1.035868 -0.796369
’ 0.158613 0.492245 -0.366885 1.907787 0.077902 -0.471359 0.653487 -0.174713 0.849472 0.189831
ded -0.243186 -0.521514 -0.937864 0.687639 -0.754739 1.304563 0.138972 0.223548 0.215893 0.089321
frå 0.263276 -0.076681 -0.774957 0.402781 0.983067 0.715463 -0.388398 -0.340114 0.191270 0.171408
Å -0.299862 0.142706 0.757235 0.024103 -0.881253 -0.186519 0.274108 -0.034866 0.367479 0.041500
a -0.312782 0.048477 -0.613917 0.479918 -0.406124 0.337829 -0.121909 0.114718 0.906898 -0.344772
et 0.176161 0.064819 -0.594950 0.139916 1.583302 0.560294 -0.040926 -0.838197 -1.064239 -0.424107
dænj 0.053831 -0.407745 -0.424973 -0.038387 -0.694080 0.156529 0.123968 0.483823 0.688100 0.257238
for 0.199095 0.272048 -0.364178 -0.793381 0.764217 -0.328969 -0.502515 0.237746 1.335606 -0.779681
hâr 0.348656 -0.089704 -0.239971 0.191712 -0.308938 -0.212655 -0.334702 0.152587 0.792306 0.366207
! -0.118780 -1.132223 0.115137 -0.460798 0.639906 0.509603 -0.179026 -0.633181 -2.158040 -0.500361
når 0.493005 -0.745071 -1.048777 0.444484 -0.499727 0.067050 0.045311 0.743725 0.738236 0.737349
I 0.124106 0.151149 0.401252 -0.436936 0.785098 -0.900935 0.196741 -0.128414 0.047302 0.084635
gå -0.834296 0.792981 0.740258 0.599617 0.053567 -0.137279 0.949364 0.866798 0.993403 -0.668283
maj -0.449536 -0.025616 0.899168 -0.224503 -1.386698 0.518242 -0.334406 0.140291 -0.819711 -0.545536
om -0.651002 0.386074 0.547542 0.357659 -0.713839 0.608015 -0.343033 -0.225835 -0.336840 -0.870397
ska 0.189075 0.115992 -0.769886 0.071999 0.065671 -0.756847 -0.965249 -0.187825 0.689183 0.728418
kanj 0.578931 0.189805 0.401049 -0.253999 0.585248 -1.108213 0.054074 0.447792 0.467779 0.199210
mæn -0.584591 -0.173915 -0.553629 0.499699 -0.239574 0.557601 0.071100 -0.346342 0.294865 -0.389820
ble -0.635536 -0.445995 -0.188586 0.067174 -0.424372 -0.363978 -0.078922 -0.307638 1.127324 -0.711003
nu -0.114623 -0.188129 -0.424369 -0.141615 -0.408730 0.700090 -0.109634 0.696727 -0.050410 0.321621
: -1.675852 -0.631697 1.336296 0.710859 -0.566992 1.303924 0.881428 -0.835553 -1.182477 0.283032
du 0.237816 0.826909 1.383215 -0.691997 0.001307 -0.301564 -1.648267 0.764070 -1.212974 -0.704333
minj -0.353054 0.141326 -2.291328 1.858211 0.655158 1.426558 1.188430 -2.415850 0.448934 -0.367733
saj -1.346695 0.829331 0.833320 -0.129024 0.368682 -0.224352 0.073345 -0.990133 0.008322 -0.246443
Jâ -0.763243 0.336625 1.539994 -0.299863 0.512870 -0.516195 -0.116243 -1.261566 -0.051704 -0.866773
” -0.761994 -1.216282 1.608702 -0.103596 -1.675133 0.373489 0.407114 -0.938996 -1.003028 0.034069
op -0.167701 0.278108 0.349121 -0.182053 -0.357525 1.052998 -0.626775 0.605477 -0.620337 -0.818695
Så -0.301444 -1.026798 0.286449 1.556799 -1.439212 -0.086853 0.008022 1.070056 0.149753 1.707258
dâ 1.361055 -0.036298 -1.226704 0.188284 1.280789 0.575486 -0.622699 0.178385 -0.726266 1.612610
lid 0.579974 -0.757232 -1.059930 -0.854423 1.010562 -0.411247 -0.384802 0.137779 0.246555 -0.271394
ajle -0.210325 0.240449 0.078139 -1.115894 0.052836 -0.151211 -1.124820 0.442687 -1.073511 -0.250575
då -0.214568 0.234176 0.544940 0.417977 -0.736200 -0.443340 0.213171 0.402334 1.150894 -0.140379
kom 0.003435 0.824054 1.248124 -0.709165 -0.736562 -0.756948 -0.703663 0.686544 0.132850 -1.203319
tâ -0.218521 -0.030249 0.499743 1.212882 0.034162 -0.465046 1.370923 -0.585822 -0.632793 0.250807
ud 0.337629 0.143849 0.250231 -1.159299 1.226523 -0.905403 -0.135424 0.117746 0.108560 -0.229081
Mæn 0.460548 -0.540721 0.755478 1.139466 -0.226814 -1.048990 1.199364 -0.319793 -0.151544 0.961345
hadde -0.180710 -0.142189 0.775875 -0.796185 0.146204 -0.494337 -0.441636 -0.328069 -0.656697 0.211006
må 0.233162 0.187948 0.618077 -0.029782 -0.679587 -0.855084 0.101731 0.080700 -0.103891 0.323038
r -0.528976 0.680057 -1.091337 1.544699 1.189507 -0.893024 1.080103 -0.275462 -0.556704 0.976101
går 0.641426 -0.394175 -0.791222 -0.177181 1.189241 -0.228420 0.181545 0.609886 0.001155 0.228253
nok 0.039951 0.170532 -0.214393 -0.541004 0.232528 -0.385027 0.245115 -0.030532 0.612130 -0.001759
ønte 0.059452 -0.066566 -0.560532 -0.357791 0.279145 0.762112 -0.556547 0.020278 -1.737327 1.120551
Peter -0.657310 0.456575 0.598116 0.609685 -1.126686 0.663917 0.113277 0.398861 -0.280358 -0.376043
Vi 0.178841 -0.458123 0.017424 0.296677 -0.584580 -0.004231 0.192403 0.510165 -0.052855 1.021138
dom -0.615153 -0.524643 -0.290409 0.188131 -0.510057 1.324970 -0.568081 -1.215727 0.217184 -0.872773
få 1.184102 -0.348479 -0.839856 -1.548373 1.476140 -1.556919 -1.874676 -0.004173 -0.482184 1.628534
får 1.459033 -0.435831 -0.519863 -0.771334 2.044222 -0.192288 0.053115 0.485936 -0.930216 0.674289
inj -0.528699 -0.202606 0.349497 0.272770 -1.503515 -1.167003 0.506565 0.568063 1.232447 0.401902
Frida 0.949662 -0.179643 -1.012734 0.389823 0.066240 0.925317 -0.436840 0.916664 -0.708184 0.574124
gamla 0.388199 0.284562 -0.272176 1.222407 1.555264 -0.228894 0.369440 -0.241374 0.519632 1.041287
hâ 0.482742 0.153232 -1.177312 -1.428136 3.328175 -0.909312 0.511834 0.521072 -0.008669 0.644640
la 1.248934 1.162247 1.538845 2.694164 -2.478436 -1.015111 1.050892 0.287851 -0.748697 -0.000334
ni 0.113997 0.107386 0.659091 -0.742098 0.192574 -1.562158 0.025663 0.854149 0.877149 1.078951
stora 0.818723 1.133392 2.072212 -1.334614 -1.668803 -1.409481 -0.720974 0.748357 1.198146 0.036442
to 0.879215 -0.836224 -0.050657 -1.075316 0.410519 1.163275 -0.416751 -0.297706 -0.526112 -1.496293
vil -0.068408 0.036038 0.531885 -0.378248 0.098535 -0.710485 0.379834 0.035865 -0.190642 0.550366
Dær -1.051577 -0.427999 1.314874 0.142372 -0.784842 -0.210864 1.494381 -0.769652 0.796760 0.129750
gång -0.329120 0.391098 0.493649 0.029110 -0.233794 -0.997269 0.524512 -0.615868 0.468931 0.607016
glâ 2.454062 1.498876 1.101084 1.364602 -0.801054 -0.196735 -0.579657 1.124092 -1.701532 0.317145
ijnj 0.642965 -0.480502 0.974333 -0.660824 -0.418744 -0.146504 0.036713 0.910022 -0.305641 0.393988
vor 0.733597 -1.436627 0.656764 -0.961726 0.420804 -0.336394 1.615674 0.072093 -2.110425 1.848892
Ded -1.388537 -0.340088 2.544629 -0.710534 -1.282425 -0.159742 0.855379 -1.008989 0.457030 -1.071479
Hon -0.433076 -0.039875 0.769381 -0.630129 -0.318945 -0.412973 -0.059218 0.133506 0.324634 -0.108349
bâra -0.560638 0.114617 0.969258 -0.713028 0.441397 -0.345757 -0.011662 -0.646710 -0.170735 -0.634723
ed 0.686952 0.659658 1.420549 1.444583 1.255140 -1.976939 1.205358 -0.432822 0.814810 0.954458
fikj 0.214580 -0.071535 -0.333942 -0.384825 -0.313404 0.164789 -0.326740 -0.031464 0.019607 0.597494
ja -0.056039 -0.339420 0.022620 0.139285 -1.014312 0.094429 0.024985 0.532922 0.733617 0.512192
se -0.125640 0.079128 1.274641 -0.038435 0.841864 -0.682111 0.660672 -0.523495 0.463412 -0.194067
sto -0.621883 0.002096 0.613805 -0.314929 1.721238 0.397294 1.044346 -0.931496 -0.528969 -0.732169
tâu 0.707005 0.301976 -0.054661 1.887247 -0.448054 0.851454 0.287717 0.077892 -0.692773 0.424138
vær 0.368667 -0.517795 0.809248 -0.818493 -0.105244 0.356667 0.614186 -0.639274 -1.157111 0.371372
âuan 0.841799 -0.396996 -0.598561 -1.478587 1.596918 -0.596931 -0.489354 0.713768 -0.324833 0.490650
alt 0.381796 -1.309659 -0.624251 -1.646607 0.609597 0.487850 0.424866 -0.405405 -0.460655 0.540689
bler 0.537109 -0.513146 -0.535997 -0.372950 0.588889 0.046660 0.428678 0.168716 -0.471259 0.797575
helan -0.452786 0.261926 1.357330 -0.532497 -0.485573 -1.313227 -0.013975 -0.535424 0.327223 -0.417703
kunje 0.916006 -0.707536 -0.703872 -0.129020 -0.158658 0.307800 -0.065209 0.517345 -0.312638 1.647551
man 0.515798 -1.461488 -0.515106 -0.998823 0.217311 -0.391774 -0.373378 -0.126805 0.818035 0.937239
piblana 0.368011 -0.271125 -0.014632 0.928622 0.409539 0.382403 -0.388784 -0.092436 0.326666 -0.575235
sinj 0.462452 -0.076525 -0.587800 0.843541 0.392470 0.907943 0.341439 0.485469 0.062587 0.579049
sypa 0.073841 0.131879 1.389827 -1.215791 0.813421 -0.858229 -0.157339 -0.641493 -0.318624 -0.156848
trille-fira 0.213408 -0.423678 2.202386 0.311492 -2.536900 -0.289333 0.197187 -0.755782 0.175992 1.527033
væl 0.571724 -0.184687 0.835271 -0.453180 -0.236400 -0.788916 0.494175 -0.043591 -0.240958 0.643392
ver -0.029051 0.089869 0.437755 0.159134 -1.156728 0.527090 -0.513849 0.015109 -0.326236 -1.077217
Rø 0.868986 -0.244647 -1.153176 -0.391044 0.884272 -0.814764 -0.719839 -0.453297 0.051554 1.237992
de -0.684343 0.233510 0.122785 0.232235 -1.132327 -0.365273 -0.058128 0.839640 0.314195 -0.278482
hær 0.035182 -0.606261 0.019686 0.614448 -0.995415 -0.215166 0.522698 0.624081 0.861295 0.459084
hajn -0.260707 0.710662 0.064491 -0.230228 0.437928 -0.270842 0.336503 0.655740 -1.300366 1.070487
halvan -0.176559 0.073550 1.166379 -0.729684 -0.911371 -1.413284 0.064251 -0.230458 0.271845 -0.461868
hvor -0.212423 -0.441324 -0.314847 2.354620 1.427802 1.145352 1.535952 -1.365531 -0.586039 0.726256
kommer -0.912010 -1.365633 -0.409708 0.156813 1.161987 0.079117 1.054857 -0.909014 0.222768 -0.100444
mârn 0.758367 0.628813 -0.772126 -1.115904 -0.421368 -3.702431 0.685205 2.514320 0.453294 -0.008510
måtte -1.047955 -0.284544 0.381368 0.568056 -0.813356 0.195570 0.522711 0.247761 1.559505 -0.351069
monga -0.027738 0.388896 0.110350 -0.276019 -0.367743 -0.893412 0.235515 0.071186 0.216748 -0.735696
skujle 0.317566 -0.534988 0.081264 0.455611 0.424474 0.510208 0.742565 0.092885 0.098950 0.456532
stâ -1.243409 -0.197452 0.750825 1.213207 -4.070474 -1.448670 -1.087208 0.204442 -0.300987 0.530938
Då 1.131921 -0.131438 -0.482143 -0.745729 0.530404 -1.450113 0.306803 -0.176774 -0.566852 1.291949
Me -0.472346 0.181882 0.883407 -0.571953 -0.832914 0.179953 -0.836219 0.886796 -1.123332 -0.735050
Men 0.273381 -0.252858 -0.912106 0.058469 -0.259755 -0.192718 0.555149 0.576643 0.683503 0.885179
d -0.747341 0.548953 -0.330553 1.978034 -0.896718 -0.342698 1.084882 -0.012001 0.220052 0.642368
daj -1.422294 -0.189768 1.263196 -0.896782 -0.853673 0.824761 0.439077 -0.581522 -1.839759 -1.200753
ejn 0.073220 0.111951 -0.062701 0.698719 0.403224 -1.693709 1.382708 -0.067789 1.253196 0.621695
gjik 0.023710 0.230149 0.030147 -0.544993 -1.512647 -0.446143 -0.235361 -0.193364 -0.135608 -0.361823
hozza -0.219700 0.442133 0.089342 0.092112 0.834720 -0.423328 0.404444 -0.820882 -0.027298 0.093512
ju 0.075003 -0.387126 0.405229 0.825807 -0.565613 -1.377168 0.933252 0.141768 1.084590 0.994284
liwed 0.242467 -0.166911 -0.099719 -0.066481 -0.112851 -0.118261 0.069650 0.139422 -0.036437 0.327800
lo -0.934752 -0.252147 0.290789 0.214447 -0.595504 0.254509 1.046879 -0.673462 0.517903 0.134229
mænn -0.096385 -0.466668 0.011942 -0.145368 -0.201718 0.070990 0.209357 0.469234 0.082386 0.950898
nâd 0.620970 0.579336 0.668527 -0.756924 -0.037664 -0.422123 -0.873248 0.639470 -0.327735 -0.802664
sæl -0.104816 0.181506 0.925880 0.010859 0.873413 -0.627461 0.195766 -0.705916 -0.647082 0.340897
sku -0.711313 0.898531 0.095014 -0.056672 -0.814423 -1.674792 0.225400 -0.429352 0.704970 0.819814
stå 0.329692 -0.010929 0.211094 -1.041011 0.745054 -1.034772 -0.137952 0.546926 -0.413371 0.585554
strajs -0.085629 -1.157701 0.477307 -1.505885 -0.018747 -0.271680 0.462436 -0.075640 -0.084181 0.712928
târ -0.130000 0.077794 -0.182805 0.223527 0.204625 0.120513 0.746164 -0.407977 0.199482 0.486536
âu 0.511506 -0.228053 -1.004039 0.489896 -0.578190 0.315566 0.689617 0.354700 0.452797 1.361868
De -0.066460 -0.700496 0.610643 -0.361490 -0.203606 0.287343 0.530707 0.362466 -1.063120 1.047451
Rønna -0.003478 0.741312 -0.716287 0.207436 1.419349 -0.777215 0.659917 -0.307891 1.224903 0.384114
dæmme -0.042224 0.078664 -0.805428 0.576547 -0.464575 0.264894 -0.070076 -0.522470 0.601873 0.537610
dæmmeså 0.295523 -1.364006 -0.349013 -1.242401 -1.252084 0.741719 0.466304 0.243333 -2.172574 -0.753015
sâ -1.016391 -0.168056 0.349329 0.745086 -0.486088 -0.223948 0.731729 -0.620053 1.133525 -0.116625
stærtad 0.259059 -0.420281 0.762168 -0.750060 1.004393 -1.511483 0.193705 0.244491 -0.522358 0.593863
ællinj 0.099367 0.148530 -0.630943 0.004461 0.436543 0.284063 -0.183456 0.011658 -0.134082 -0.145433
.`s 0.177884 -0.156666 0.025364 -0.031513 -0.330714 -0.123206 0.242162 0.125010 0.235785 0.318604
C -0.012988 0.089241 0.127296 0.015101 0.250060 0.187311 -0.090441 -0.089109 -0.035686 -0.490618
Enj 0.460040 0.065139 -0.632803 1.202688 0.056326 -0.544448 0.883288 -0.200143 0.505324 0.590464
H 0.358572 -0.131228 0.939173 -1.022123 0.459088 -1.177151 0.429286 -0.017525 -0.487091 0.515112
Hollua 0.181857 -0.112884 0.402917 -0.313969 -0.455627 -0.665770 0.164689 -0.041028 0.011459 0.320914
Ka 0.829579 -0.378510 0.432970 -0.603090 -0.050981 -0.946689 0.399678 0.252104 -0.699131 1.106875
Når -0.556712 0.210445 0.764876 0.440286 -0.498186 -0.222517 0.417700 -0.440734 0.013473 -0.046682
Se 0.294912 -0.224590 0.794205 -0.052597 -0.947427 -0.676705 0.111210 0.347112 0.224193 0.449685
Stina -0.190256 -0.424064 -0.079039 -0.051082 -0.795831 -0.550715 0.134147 0.657865 -0.540366 -0.675958
bær` 0.465622 -0.064566 -0.531508 -0.201907 0.284742 0.211938 -0.335321 0.370218 0.011834 0.061851
daja -0.190633 0.052541 -0.279240 0.146321 0.086304 0.351201 -0.200196 -0.110580 0.255939 -0.364330
dikke 0.101170 -0.031323 0.263543 -0.156083 -0.251932 -0.467764 0.293428 0.142564 -0.128619 0.401494
do 0.044078 0.044874 0.136714 -0.079382 -0.028899 -0.164982 0.092715 0.039270 -0.192138 0.144787
dorra 0.099159 0.022852 0.831996 -0.693140 -1.454551 0.318479 -0.918287 -1.086859 -0.650317 0.135534
fortællinj 0.076974 -0.145713 0.005908 -0.068567 -0.081315 -0.036342 0.088559 0.016949 0.119235 0.267980
ganske 0.509858 0.221288 -1.104863 -0.050975 -0.171796 0.623985 -0.178701 0.187301 -0.147632 -0.003113
goa 0.249227 -0.048285 0.179285 0.098563 0.196884 -0.733273 -0.346000 0.724310 -0.118238 0.196638
hawed 0.701413 0.219900 -0.192983 -0.960498 0.200728 0.085947 0.208181 0.267340 -0.105117 0.692588
hojt 0.265813 -0.205916 0.317735 -1.101625 0.874376 -0.270643 -0.170790 -0.154888 -0.885616 0.189367
ikje -0.623482 0.307513 0.616103 -0.386932 -0.026105 -0.544007 0.338368 -0.253972 0.781686 -0.107061
iwen 0.918608 0.170821 -1.425409 0.424632 -0.411247 0.045247 1.225634 -0.031345 1.025927 0.740817
klær 0.349130 -0.321580 0.608031 -0.645484 -1.128773 -1.310639 0.298752 0.305604 -0.155762 0.644999
komma 0.405308 -0.065977 0.520655 0.174393 2.072024 -1.652844 0.759066 -0.929450 -0.903587 1.044696
lânt -0.343531 0.281965 -0.526609 -0.346077 0.327106 -0.848672 0.060072 -0.022589 -1.465318 1.100747
lâzua -0.086217 0.138329 0.090601 -0.063907 0.024783 -0.081776 0.100035 0.038548 0.051918 -0.152759
lissom 0.366682 -0.246713 0.436766 -0.614001 -0.139940 -1.320918 0.451824 0.259703 0.056550 1.005924
mæst 0.486615 -0.412415 -0.637557 -1.440690 -1.521557 0.659245 0.930447 -0.853210 -0.414627 0.085371
mit -0.208553 -0.317430 0.122033 -0.841467 -0.224450 0.261740 1.375241 -0.493952 0.003252 1.181680
na -0.027034 0.490788 -1.042621 1.327493 2.242614 0.975119 0.299143 -0.206043 -0.643145 0.713701
naja 0.039160 -0.349739 0.179228 -0.658849 0.226691 0.147679 0.436337 -0.003030 -1.033892 -0.169424
nikke 0.120967 -0.218674 0.192101 -0.070356 -0.284793 -0.499023 0.225289 0.075522 0.324495 0.479407
no 0.121355 -0.007121 -0.032825 0.157369 -0.019312 -0.105822 -0.263081 -0.103681 0.412537 0.158833
ser 0.647588 0.043817 0.859203 -0.118378 0.828033 -0.498374 0.979255 0.361680 -0.010569 1.109282
sikkert -0.016446 -0.235711 0.416191 -0.413617 0.210244 -0.636085 -0.859460 0.191234 -0.271906 -0.429587
sit -0.260685 -0.312657 0.243607 0.277454 -0.719159 -1.412855 0.141697 -0.790888 0.501050 0.911250
sjynja -0.309039 0.211865 2.019208 -0.569525 -1.045655 -1.055143 -0.106681 0.316700 0.192747 -0.006334
svâna 0.406125 0.170886 -0.930098 -0.194972 0.888972 0.325263 -0.250076 0.062063 -0.024309 0.385967
tænkj 0.310943 -0.503196 0.064925 0.594488 -0.758016 -0.203681 0.898351 0.360601 -0.010818 1.436357
tro -0.041018 0.660576 1.628380 -1.171685 1.401913 -1.056007 -0.583855 1.178578 -0.941844 0.738135
ål -0.067761 0.021151 -0.321724 0.173096 -0.086626 0.191793 -0.050108 0.116486 0.025081 -0.091437
ø -0.269674 0.055331 0.710634 0.228782 -0.453692 -0.432711 0.539638 0.161645 0.338535 0.090406
”tutli 0.482931 -0.257631 0.354383 -1.695249 1.153593 -0.339642 -0.051629 -0.570735 -0.864123 -0.135699
- -0.506079 0.161267 0.661106 1.154114 -0.751682 0.325450 -0.374517 -0.536735 -0.188649 -1.201844
Hær 0.133270 -0.044301 -0.100097 -0.594470 -0.295623 -0.054416 0.447245 0.398546 0.029088 0.642387
Rutsker 1.979341 -0.588104 -0.448863 0.588226 1.362098 0.335904 0.661984 0.855252 1.703244 0.480023
Te -0.205518 -0.221120 0.031649 0.853276 -0.887433 -0.444890 0.215555 0.244290 0.433680 0.736204
aldrig 0.265560 0.300607 -0.728020 0.409837 0.572430 0.695141 -0.376518 0.440772 0.754569 1.704713
bælla -0.469220 -0.002329 0.241435 0.035448 -0.336001 -0.023589 -0.074112 -0.035422 0.369362 -0.308145
det 0.823862 -0.336735 -0.940368 -0.014079 -0.264475 -0.611974 0.317597 0.205071 0.437244 0.085493
fram 0.034170 -0.766419 -0.694532 0.117858 -0.000560 2.195307 -0.524359 -0.041459 -0.807212 0.646799
funka -0.509697 -0.001922 0.451771 -0.115894 -0.631454 -0.097007 0.342387 0.016448 -0.116183 -0.000813
gâ 0.335182 0.183979 -0.001378 0.110906 -1.558823 -0.588877 -1.436696 0.487873 0.155011 0.632855
godt 0.293961 0.373957 0.791508 0.595419 1.665204 -0.938582 0.370992 0.000523 -0.196769 -0.183287
hâusa -0.327385 0.470573 0.936835 -0.561426 1.341883 -0.963525 -0.150279 -0.649350 0.643004 -0.342292
hans 0.639048 -0.717246 0.366630 0.720704 0.226799 0.449540 -0.005372 1.032556 -0.489677 0.865659
hat 0.208372 0.468631 -0.912290 0.350245 -0.345318 0.687491 0.014101 -0.986009 -0.241734 1.253046
hela -0.846377 0.126482 -0.218589 0.359961 -0.618217 0.826446 -0.256729 -0.123970 0.449218 -1.062043
helt -0.510779 0.411963 0.181125 -0.311447 -0.862704 0.136166 -0.825567 -0.216097 -0.960949 -0.691740
hormoner 0.568359 0.563701 1.535900 -0.435302 -1.129348 -0.415984 -0.572559 0.989991 0.314438 0.445379
hvorfor -0.151180 0.000914 0.277430 0.060705 -0.192453 -0.269266 0.153683 0.011001 0.097650 -0.005690
ikjkje 0.515277 -0.398247 0.342530 -0.789045 -0.064117 -0.627385 -0.216440 0.233667 0.095749 0.162642
kløpfesk 0.111119 0.021480 0.058492 0.606042 -0.071272 -0.154832 0.139387 -0.405758 0.250620 -0.433773
lætta 0.724335 -0.156946 -0.848492 0.388068 0.695143 -0.499706 0.699739 0.549003 0.125161 1.340747
lajs 0.012166 0.123383 0.200959 -0.131392 0.501146 0.074065 -0.181260 -0.190203 -0.136281 -0.423449
lijla 0.020465 -0.272764 1.313954 -0.787063 -0.338959 0.037757 0.574530 0.575422 -0.083273 0.086111
mijl -0.105202 -0.667008 -1.905241 0.689898 -0.828423 1.471147 -0.402930 1.333945 0.662148 0.570590
nætta 0.315106 -0.371604 -1.663814 -0.803715 -0.477472 0.453730 -0.168362 0.669111 0.698493 0.746483
nyer 0.018886 -0.311865 0.027331 -0.364746 0.278399 0.064314 0.196413 0.075661 0.052582 0.586695
pæls 0.155755 -0.127907 0.559756 0.094926 0.957846 -0.551533 -0.292904 -0.486413 -0.491436 0.637989
pibla 0.408251 -0.120864 0.611193 -1.197475 -1.089769 -0.537030 -0.372318 0.773569 0.486630 -1.282532
røjad -0.053745 -0.033217 -0.339279 0.030695 0.031662 0.178945 -0.114501 0.204321 -0.121873 -0.071081
sijsta 0.183842 0.427278 0.498722 0.253691 0.038249 -1.316191 0.878740 -0.900938 -0.438349 0.035467
sin -0.532480 0.208371 0.401050 0.617841 -0.553813 -0.077841 0.083766 -0.205350 0.173533 -0.521189
slår 0.346310 0.130574 0.920079 0.190763 -0.679323 -1.517041 0.782969 0.744482 -0.671279 1.607580
små 0.844636 -0.532010 0.993412 -1.377694 -0.881904 -1.391918 0.216485 0.723415 -0.294737 -0.008706
spæjesijl -0.035738 0.304701 -0.058626 0.580444 0.256515 0.265779 -0.210533 -0.578381 0.235934 -0.753456
syp 0.438064 -0.062753 0.278353 -1.053805 0.631408 0.894406 -0.324055 -0.141451 -1.758708 -0.283777
vad 0.303728 -0.669208 -0.662845 -0.276189 0.245243 -0.330282 0.654330 0.426408 -0.361960 0.450573
vaj 0.343546 -0.067014 -0.268817 -1.187461 1.201402 0.178695 0.645176 0.777557 -0.886496 0.212701
varra -0.007551 0.427032 0.749002 0.825526 -0.051116 0.178442 0.491687 -0.522168 -0.330223 0.836507
vedd -0.847527 -1.115262 0.718525 0.162487 -0.580970 -1.228609 0.253406 -0.279757 0.149474 -0.145791
vos -1.378018 1.474804 0.349894 -0.327432 -1.151099 -0.793491 -1.013794 -0.134483 0.085810 1.382739
<unk> 0.090458 -0.057151 0.112738 -0.125169 -0.053867 -0.238780 0.142621 0.049043 -0.052105 0.304363
